N	Score	Percentage Identities
0	423	0
1	419	0
2	411	0
3	411	0
4	407	0
5	407	0
6	399	0
7	385	0
8	385	0
9	385	0
10	382	0
11	372	0
12	368	0
13	368	0
14	368	0
15	368	0
16	368	0
17	365	0
18	357	0
19	351	0
20	351	0
21	351	0
22	351	0
23	348	0
24	348	0
25	348	0
26	340	0
27	337	0
28	337	0
29	337	0
30	337	0
31	337	0
32	332	0
33	332	0
34	323	0
35	320	0
36	320	0
37	320	0
38	320	0
39	310	0
40	310	0
41	309	0
42	309	0
43	309	0
44	306	0
45	306	0
46	297	0
47	297	0
48	289	0
49	288	0
50	273	0
51	273	0
52	259	0
53	255	0
54	255	0
55	255	0
56	255	0
57	251	0
58	252	0
59	250	0
60	247	0
61	247	0
62	247	0
63	247	0
64	247	0
65	247	0
66	247	0
67	247	0
68	243	0
69	244	0
70	238	0
71	238	0
72	238	0
73	238	0
74	233	0
75	233	0
76	233	0
77	220	0
78	220	0
79	220	0
80	220	0
81	220	0
82	214	0
83	215	0
84	215	0
85	214	0
86	206	0
87	197	0
88	197	0
89	195	0
90	195	0
91	194	0
92	185	0
93	184	0
94	185	0
95	188	0
96	191	0
97	185	0
98	181	0
99	181	0
100	175	0
101	179	0
102	179	0
103	176	0
104	175	0
105	173	0
106	173	0
107	173	0
108	173	0
109	177	0
110	177	0
111	177	0
112	177	0
113	169	0
114	165	0
115	165	0
116	166	0
117	164	0
118	164	0
119	164	0
120	160	0
121	160	0
122	154	0
123	155	0
124	149	0
125	148	0
126	148	0
127	148	0
128	148	0
129	148	0
130	148	0
131	141	0
132	141	0
133	141	0
134	141	0
135	135	0
136	135	0
137	135	0
138	135	0
139	135	0
140	135	0
141	136	0
142	136	0
143	127	0
144	125	0
145	125	0
146	125	0
147	125	0
148	125	0
149	125	0
150	114	0
151	106	0
152	106	0
153	106	0
154	106	0
155	99	0
156	100	0
157	100	0
158	100	0
159	100	0
160	100	0
161	101	0
162	100	0
163	97	0
164	97	0
165	95	0
166	93	0
167	88	0
168	88	0
169	88	0
170	93	0
171	93	0
172	93	0
173	93	0
174	93	0
175	93	0
176	93	0
177	93	0
178	91	0
179	91	0
180	88	0
181	90	0
182	86	0
183	92	0
184	94	0
185	93	0
186	92	0
187	89	0
188	89	0
189	88	0
190	86	0
191	86	0
192	94	0
193	94	0
194	95	0
195	94	0
196	94	0
197	102	0
198	95	0
199	95	0
200	95	0
201	92	0
202	92	0
203	92	0
204	92	0
205	92	0
206	96	0
207	96	0
208	100	0
209	99	0
210	99	0
211	100	0
212	100	0
213	100	0
214	105	0
215	105	0
216	105	0
217	105	0
218	105	0
219	106	0
220	105	0
221	112	0
222	112	0
223	114	0
224	114	0
225	110	0
226	110	0
227	110	0
228	110	0
229	109	0
230	109	0
231	109	0
232	109	0
233	109	0
234	109	0
235	109	0
236	107	0
237	107	0
238	105	0
239	106	0
240	106	0
241	107	0
242	104	0
243	104	0
244	98	0
245	98	0
246	98	0
247	99	0
248	99	0
249	97	0
250	90	0
251	90	0
252	90	0
253	88	0
254	84	0
255	80	0
256	86	0
257	86	0
258	77	0
259	67	0
260	67	0
261	65	0
262	65	0
263	65	0
264	65	0
265	66	0
266	66	0
267	66	0
268	64	0
269	64	0
270	66	0
271	60	0
272	60	0
273	60	0
274	59	0
275	59	0
276	59	0
277	59	0
278	59	0
279	59	0
280	63	0
281	63	0
282	56	0
283	60	0
284	56	0
285	58	0
286	65	0
287	65	0
288	65	0
289	65	0
290	66	0
291	65	0
292	65	0
293	65	0
294	65	0
295	65	0
296	65	0
297	65	0
298	59	0
299	59	0
300	59	0
301	59	0
302	61	0
303	61	0
304	64	0
305	64	0
306	70	0
307	69	0
308	69	0
309	69	0
310	69	0
311	69	0
312	69	0
313	72	0
314	73	0
315	73	0
316	68	0
317	68	0
318	68	0
319	67	0
320	62	0
321	58	0
322	58	0
323	58	0
324	53	0
325	54	0
326	54	0
327	55	0
328	54	0
329	55	0
330	53	0
331	54	0
332	54	0
333	55	0
334	54	0
335	54	0
336	49	0
337	49	0
338	49	0
339	49	0
340	52	0
341	47	0
342	39	0
343	39	0
344	39	0
345	37	0
346	37	0
347	40	0
348	39	0
349	39	0
350	38	0
351	38	0
352	37	0
353	37	0
354	37	0
355	37	0
356	37	0
357	37	0
358	37	0
359	35	0
360	35	0
361	35	0
362	35	0
363	39	0
364	45	0
365	45	0
366	47	0
367	47	0
368	47	0
369	46	0
370	46	0
371	46	0
372	45	0
373	45	0
374	46	0
375	43	0
376	43	0
377	43	0
378	37	0
379	28	0
380	28	0
381	22	0
382	22	0
383	22	0
384	22	0
385	16	0
386	16	0
387	15	0
388	15	0
389	15	0
390	15	0
391	13	0
392	13	0
393	13	0
394	13	0
395	13	0
396	13	0
397	13	0
398	14	0
399	10	0
400	10	0
401	6	0
402	6	0
403	7	0
404	6	0
405	5	0
406	5	0
407	7	0
408	10	0
409	10	0
410	10	0
411	10	0
412	8	0
413	8	0
414	8	0
415	8	0
416	10	0
417	10	0
418	10	0
419	7	0
420	8	0
421	9	0
422	5	0
423	9	0
424	9	0
425	6	0
426	7	0
427	10	0
428	10	0
429	16	0
430	16	0
431	16	0
432	14	0
433	4	0
434	2	0
435	3	0
436	0	0
437	-4	0
438	-4	0
439	-7	0
440	-5	0
441	-5	0
442	-5	0
443	-5	0
444	-5	0
445	-5	0
446	-8	0
447	-8	0
448	-12	0
449	-11	0
450	-10	0
451	-10	0
452	-10	0
453	-11	0
454	-11	0
455	-11	0
456	-11	0
457	-11	0
458	-11	0
459	-11	0
460	-11	0
461	-3	0
462	-3	0
463	-2	0
464	-2	0
465	-2	0
466	-2	0
467	-1	0
468	-1	0
469	-2	0
470	-2	0
471	-2	0
472	-1	0
473	-1	0
474	-1	0
475	2	0
476	0	0
477	2	0
478	2	0
479	2	0
480	2	0
481	-1	0
482	-1	0
483	-1	0
484	-6	0
485	-6	0
486	-11	0
487	-9	0
488	-15	0
489	-17	0
490	-17	0
491	-16	0
492	-21	0
493	-21	0
494	-24	0
495	-26	0
496	-26	0
497	-26	0
498	-26	0
499	-26	0
500	-28	0
